% demographic data

Sex =   [1; 2; 1; 1; 1; 1; 1; 1; 1; 1; 1; 1; 2; 1; 1; 1; 1; 1];                     % 1 = male; 2 = female
Age =   [75; 57; 57; 54; 70; 70; 46; 56; 58; 74; 70; 73; 57; 46; 53; 56; 58; 55];  
MSS =   [46; 63; 21; 72; 35; 24; 15; 25;  72; nan(9,1)];                            % months since stroke
FM =    [45; 26; 34; 45; 22; 40; 10; 28;  1; nan(9,1)];  
Sen =   [35; 37; 28; 36; 38; 36; 32; 38; 26; nan(9,1)];  
MOCA =  [22; 23; 17; 23; 22; 21; 19; 26; 23; nan(9,1)];  
StS =   [3; 1; 1; 1; 1; 1; 1; 1; 1; nan(9,1)];                                      % lesion side: 1 = left; 2 = right; 3 = bilateral
StL =   [2; 2; 1; 3; 1; 2; 3; 2; 1; nan(9,1)];                                      % lesion location: 1 = cortical; 2 = subcortial; 3 = mixed